10 

0 0.4265793937773432 4.627354934194204
1 0.6294462445087423 2.1813500900176552
2 4.832163843425875 1.608380424088508
3 -0.6756673828148951 3.6331029114911773
4 3.979246595505125 -1.704027470294991
5 -2.673505798943343 2.07258573734856
6 0.46265348399084805 0.046014848000439645
7 2.979096352435718 0.5178128250094072
8 1.458633720652388 2.666118520753753
9 0.08491464143769778 -3.6032476144010825
0 0.4432238864850111 4.636298656077785
1 0.6119637953020837 2.2012514963730925
2 4.837418370148296 1.6048840965504978
3 -0.6928659092452575 3.641742817581525
4 3.9832481070720873 -1.697804319128923
5 -2.686600809683232 2.072684550504918
6 0.4570438830851729 0.04951608293677001
7 2.9977325904737824 0.5072245640796552
8 1.4560565223307067 2.6581081405324354
9 0.08254419734096281 -3.5950581373144814
0 0.459868379192679 4.645242377961366
1 0.594481346095425 2.2211529027285297
2 4.842672896870716 1.6013877690124876
3 -0.7100644356756198 3.6503827236718727
4 3.9872496186390496 -1.691581167962855
5 -2.6996958204231207 2.0727833636612756
6 0.45143428217949777 0.05301731787310038
7 3.0163688285118466 0.49663630314990326
8 1.4534793240090254 2.6500977603111178
9 0.08017375324422785 -3.5868686602278803
0 0.47651287190034686 4.654186099844947
1 0.5769988968887664 2.241054309083967
2 4.847927423593136 1.5978914414744774
3 -0.7272629621059822 3.6590226297622204
4 3.991251130206012 -1.685358016796787
5 -2.7127908311630096 2.0728821768176333
6 0.44582468127382263 0.056518552809430744
7 3.035005066549911 0.4860480422201513
8 1.450902125687344 2.6420873800898
9 0.07780330914749288 -3.578679183141279
0 0.49315736460801474 4.6631298217285275
1 0.5595164476821077 2.260955715439404
2 4.853181950315556 1.5943951139364672
3 -0.7444614885363445 3.667662535852568
4 3.995252641772974 -1.679134865630719
5 -2.7258858419028984 2.072980989973991
6 0.4402150803681475 0.06001978774576111
7 3.053641304587975 0.47545978129039934
8 1.4483249273656627 2.6340769998684825
9 0.07543286505075791 -3.570489706054678
0 0.5098018573156826 4.672073543612108
1 0.5420339984754491 2.2808571217948415
2 4.858436477037976 1.590898786398457
3 -0.7616600149667069 3.6763024419429158
4 3.9992541533399364 -1.672911714464651
5 -2.7389808526427872 2.073079803130349
6 0.43460547946247235 0.06352102268209148
7 3.0722775426260394 0.4648715203606474
8 1.4457477290439813 2.626066619647165
9 0.07306242095402295 -3.562300228968077
0 0.5264463500233505 4.681017265495689
1 0.5245515492687904 2.3007585281502787
2 4.863691003760397 1.5874024588604467
3 -0.7788585413970692 3.6849423480332635
4 4.003255664906899 -1.666688563298583
5 -2.752075863382676 2.0731786162867065
6 0.4289958785567972 0.06702225761842184
7 3.0909137806641036 0.4542832594308954
8 1.4431705307223 2.6180562394258473
9 0.07069197685728798 -3.554110751881476
0 0.5430908427310184 4.68996098737927
1 0.5070691000621318 2.320659934505716
2 4.868945530482817 1.5839061313224365
3 -0.7960570678274316 3.693582254123611
4 4.007257176473861 -1.660465412132515
5 -2.765170874122565 2.0732774294430643
6 0.4233862776511221 0.07052349255475221
7 3.109550018702168 0.44369499850114347
8 1.4405933324006186 2.6100458592045297
9 0.06832153276055301 -3.5459212747948747
0 0.5597353354386863 4.698904709262851
1 0.48958665085547315 2.340561340861153
2 4.874200057205237 1.5804098037844263
3 -0.8132555942577939 3.702222160213959
4 4.011258688040824 -1.654242260966447
5 -2.7782658848624537 2.073376242599422
6 0.41777667674544694 0.07402472749108258
7 3.128186256740232 0.4331067375713915
8 1.4380161340789372 2.602035478983212
9 0.06595108866381805 -3.5377317977082736
0 0.5763798281463541 4.707848431146432
1 0.4721042016488145 2.3604627472165904
2 4.879454583927657 1.576913476246416
3 -0.8304541206881563 3.7108620663043066
4 4.015260199607787 -1.6480191098003791
5 -2.7913608956023426 2.0734750557557797
6 0.4121670758397718 0.07752596242741294
7 3.1468224947782963 0.42251847664163955
8 1.435438935757256 2.5940250987618945
9 0.06358064456708308 -3.5295423206216725
0 0.593024320854022 4.7167921530300125
1 0.45462175244215586 2.3803641535720277
2 4.8847091106500775 1.5734171487084059
3 -0.8476526471185186 3.7195019723946543
4 4.0192617111747495 -1.6417959586343112
5 -2.8044559063422314 2.0735738689121375
6 0.40655747493409666 0.08102719736374331
7 3.1654587328163606 0.4119302157118876
8 1.4328617374355745 2.586014718540577
9 0.061210200470348114 -3.5213528435350714
0 0.6096688135616899 4.725735874913593
1 0.4371393032354972 2.400265559927465
2 4.889963637372498 1.5699208211703957
3 -0.864851173548881 3.728141878485002
4 4.023263222741712 -1.6355728074682432
5 -2.8175509170821202 2.073672682068495
6 0.4009478740284215 0.08452843230007367
7 3.184094970854425 0.40134195478213563
8 1.4302845391138932 2.5780043383192592
9 0.05883975637361315 -3.5131633664484703
0 0.6263133062693578 4.734679596797174
1 0.41965685402883857 2.420166966282902
2 4.895218164094918 1.5664244936323855
3 -0.8820496999792433 3.7367817845753497
4 4.027264734308675 -1.6293496563021752
5 -2.830645927822009 2.073771495224853
6 0.3953382731227464 0.08802966723640404
7 3.202731208892489 0.3907536938523837
8 1.4277073407922118 2.5699939580979416
9 0.05646931227687818 -3.504973889361869
0 0.6429577989770257 4.743623318680755
1 0.4021744048221799 2.4400683726383394
2 4.900472690817338 1.5629281660943752
3 -0.8992482264096057 3.7454216906656974
4 4.031266245875638 -1.6231265051361072
5 -2.843740938561898 2.0738703083812107
6 0.38972867221707125 0.09153090217273441
7 3.2213674469305533 0.3801654329226317
8 1.4251301424705305 2.561983577876624
9 0.054098868180143214 -3.496784412275268
0 0.6596022916846935 4.752567040564336
1 0.3846919556155213 2.4599697789937767
2 4.905727217539758 1.559431838556365
3 -0.916446752839968 3.754061596756045
4 4.0352677574426 -1.6169033539700393
5 -2.8568359493017867 2.0739691215375684
6 0.3841190713113961 0.09503213710906477
7 3.2400036849686176 0.36957717199287976
8 1.4225529441488491 2.5539731976553064
9 0.05172842408340825 -3.488594935188667
0 0.6762467843923614 4.761510762447917
1 0.36720950640886263 2.479871185349214
2 4.910981744262179 1.5559355110183548
3 -0.9336452792703304 3.762701502846393
4 4.039269269009563 -1.6106802028039713
5 -2.8699309600416756 2.074067934693926
6 0.37850947040572097 0.09853337204539514
7 3.258639923006682 0.3589889110631278
8 1.4199757458271678 2.545962817433989
9 0.04935797998667328 -3.480405458102066
0 0.6928912771000293 4.7704544843314975
1 0.349727057202204 2.499772591704651
2 4.916236270984599 1.5524391834803446
3 -0.9508438057006927 3.7713414089367405
4 4.043270780576526 -1.6044570516379033
5 -2.8830259707815644 2.074166747850284
6 0.37289986950004583 0.1020346069817255
7 3.277276161044746 0.34840065013337584
8 1.4173985475054864 2.537952437212671
9 0.046987535889938314 -3.4722159810154647
0 0.7095357698076972 4.779398206215078
1 0.33224460799554534 2.5196739980600884
2 4.921490797707019 1.5489428559423344
3 -0.9680423321310551 3.7799813150270882
4 4.0472722921434885 -1.5982339004718353
5 -2.8961209815214533 2.0742655610066416
6 0.3672902685943707 0.10553584191805587
7 3.2959123990828103 0.3378123892036239
8 1.414821349183805 2.5299420569913535
9 0.04461709179320335 -3.4640265039288636
0 0.726180262515365 4.788341928098659
1 0.3147621587888867 2.5395754044155257
2 4.926745324429439 1.5454465284043242
3 -0.9852408585614174 3.788621221117436
4 4.051273803710451 -1.5920107493057674
5 -2.909215992261342 2.0743643741629993
6 0.36168066768869556 0.10903707685438624
7 3.3145486371208746 0.32722412827387193
8 1.4122441508621237 2.521931676770036
9 0.04224664769646838 -3.4558370268422625
0 0.7428247552230329 4.79728564998224
1 0.29727970958222805 2.559476810770963
2 4.9319998511518595 1.541950200866314
3 -1.0024393849917796 3.7972611272077836
4 4.055275315277414 -1.5857875981396994
5 -2.922311003001231 2.074463187319357
6 0.3560710667830204 0.1125383117907166
7 3.333184875158939 0.31663586734411997
8 1.4096669525404424 2.5139212965487183
9 0.039876203599733415 -3.4476475497556613
0 0.7594692479307008 4.806229371865821
1 0.2797972603755694 2.5793782171264
2 4.93725437787428 1.5384538733283037
3 -1.019637911422142 3.8059010332981313
4 4.059276826844377 -1.5795644469736314
5 -2.9354060137411198 2.074562000475715
6 0.3504614658773453 0.11603954672704697
7 3.351821113197003 0.306047606414368
8 1.407089754218761 2.5059109163274007
9 0.03750575950299845 -3.4394580726690602
0 0.7761137406383687 4.815173093749402
1 0.26231481116891076 2.5992796234818374
2 4.9425089045967 1.5349575457902935
3 -1.0368364378525046 3.814540939388479
4 4.063278338411339 -1.5733412958075634
5 -2.9485010244810086 2.0746608136320726
6 0.34485186497167014 0.11954078166337734
7 3.3704573512350673 0.29545934548461605
8 1.4045125558970797 2.497900536106083
9 0.03513531540626348 -3.431268595582459
0 0.7927582333460366 4.824116815632983
1 0.2448323619622521 2.6191810298372746
2 4.94776343131912 1.5314612182522833
3 -1.054034964282867 3.8231808454788268
4 4.067279849978302 -1.5671181446414955
5 -2.9615960352208974 2.0747596267884303
6 0.339242264065995 0.1230420165997077
7 3.3890935892731315 0.2848710845548641
8 1.4019353575753983 2.4898901558847655
9 0.032764871309528515 -3.423079118495858
0 0.8094027260537044 4.833060537516563
1 0.22734991275559346 2.639082436192712
2 4.95301795804154 1.527964890714273
3 -1.0712334907132295 3.8318207515691745
4 4.071281361545265 -1.5608949934754275
5 -2.9746910459607863 2.074858439944788
6 0.33363266316031986 0.12654325153603807
7 3.407729827311196 0.27428282362511214
8 1.399358159253717 2.481879775663448
9 0.030394427212793545 -3.414889641409257
0 0.8260472187613723 4.842004259400144
1 0.20986746354893482 2.658983842548149
2 4.9582724847639605 1.524468563176263
3 -1.088432017143592 3.840460657659522
4 4.0752828731122275 -1.5546718423093595
5 -2.987786056700675 2.0749572531011458
6 0.3280230622546447 0.13004448647236844
7 3.42636606534926 0.2636945626953602
8 1.3967809609320356 2.4738693954421302
9 0.028023983116058575 -3.4067001643226558
0 0.8426917114690402 4.850947981283725
1 0.19238501434227617 2.6788852489035864
2 4.963527011486381 1.5209722356382527
3 -1.1056305435739544 3.84910056374987
4 4.07928438467919 -1.5484486911432915
5 -3.000881067440564 2.0750560662575035
6 0.3224134613489696 0.1335457214086988
7 3.4450023033873243 0.2531063017656082
8 1.3942037626103543 2.4658590152208126
9 0.025653539019323605 -3.3985106872360547
0 0.8593362041767081 4.859891703167306
1 0.17490256513561753 2.6987866552590236
2 4.968781538208801 1.5174759081002425
3 -1.1228290700043169 3.8577404698402176
4 4.083285896246153 -1.5422255399772236
5 -3.0139760781804528 2.0751548794138612
6 0.31680386044329445 0.13704695634502917
7 3.4636385414253885 0.24251804083585626
8 1.391626564288673 2.457848634999495
9 0.023283094922588635 -3.3903212101494535
0 0.875980696884376 4.868835425050887
1 0.15742011592895888 2.718688061614461
2 4.974036064931221 1.5139795805622323
3 -1.1400275964346793 3.8663803759305653
4 4.087287407813116 -1.5360023888111556
5 -3.0270710889203416 2.075253692570219
6 0.3111942595376193 0.14054819128135954
7 3.4822747794634528 0.2319297799061043
8 1.3890493659669916 2.4498382547781774
9 0.020912650825853665 -3.3821317330628524
0 0.8926251895920438 4.877779146934468
1 0.13993766672230024 2.738589467969898
2 4.979290591653641 1.510483253024222
3 -1.1572261228650418 3.875020282020913
4 4.091288919380078 -1.5297792376450876
5 -3.0401660996602304 2.0753525057265767
6 0.3055846586319442 0.1440494262176899
7 3.500911017501517 0.22134151897635235
8 1.3864721676453102 2.44182787455686
9 0.018542206729118695 -3.3739422559762513
0 0.9092696822997117 4.886722868818048
1 0.12245521751564158 2.7584908743253354
2 4.984545118376062 1.5069869254862118
3 -1.1744246492954042 3.8836601881112607
4 4.095290430947041 -1.5235560864790196
5 -3.0532611104001193 2.0754513188829344
6 0.29997505772626903 0.14755066115402027
7 3.5195472555395813 0.2107532580466004
8 1.3838949693236289 2.433817494335542
9 0.016171762632383724 -3.36575277888965
0 0.9259141750073796 4.895666590701629
1 0.10497276830898292 2.7783922806807726
2 4.989799645098482 1.5034905979482016
3 -1.1916231757257667 3.8923000942016084
4 4.099291942514004 -1.5173329353129517
5 -3.066356121140008 2.075550132039292
6 0.2943654568205939 0.15105189609035063
7 3.5381834935776455 0.20016499711684843
8 1.3813177710019475 2.4258071141142246
9 0.013801318535648754 -3.357563301803049
0 0.9425586677150475 4.90461031258521
1 0.08749031910232426 2.79829368703621
2 4.995054171820902 1.4999942704101914
3 -1.2088217021561292 3.900940000291956
4 4.1032934540809665 -1.5111097841468837
5 -3.079451131879897 2.07564894519565
6 0.28875585591491876 0.154553131026681
7 3.5568197316157097 0.18957673618709647
8 1.3787405726802662 2.417796733892907
9 0.011430874438913784 -3.349373824716448
0 0.9592031604227154 4.913554034468791
1 0.0700078698956656 2.818195093391647
2 4.999691301456678 1.4964979428721812
3 -1.2260202285864916 3.909579906382304
4 4.107294965647929 -1.5048866329808157
5 -3.0925461426197858 2.0757477583520076
6 0.2831462550092436 0.15805436596301137
7 3.575455969653774 0.17898847525734451
8 1.3761633743585848 2.4097863536715893
9 0.009060430342178814 -3.341184347629847
0 0.9758476531303832 4.922497756352372
1 0.05252542068900694 2.8380964997470843
2 4.9944367747342575 1.493001615334171
3 -1.243218755016854 3.9182198124726515
4 4.111296477214892 -1.4986634818147477
5 -3.1056411533596746 2.0758465715083654
6 0.2775366541035685 0.16155560089934173
7 3.5940922076918382 0.16840021432759256
8 1.3735861760369035 2.4017759734502717
9 0.006689986245443844 -3.3329948705432457
0 0.9924921458380511 4.931441478235953
1 0.03504297148234828 2.8579979061025216
2 4.989182248011837 1.4895052877961608
3 -1.2604172814472165 3.926859718562999
4 4.115297988781855 -1.4924403306486798
5 -3.1187361640995634 2.075945384664723
6 0.27192705319789334 0.1650568358356721
7 3.6127284457299025 0.1578119533978406
8 1.3710089777152221 2.393765593228954
9 0.004319542148708874 -3.3248053934566446
0 1.009136638545719 4.940385200119533
1 0.017560522275689622 2.877899312457959
2 4.983927721289417 1.4860089602581505
3 -1.277615807877579 3.935499624653347
4 4.119299500348817 -1.4862171794826118
5 -3.1318311748394523 2.076044197821081
6 0.2663174522922182 0.16855807077200247
7 3.6313646837679667 0.14722369246808864
8 1.3684317793935408 2.3857552130076365
9 0.0019490980519739046 -3.3166159163700435
0 1.0257811312533869 4.949328922003114
1 7.807306903096639e-05 2.897800718813396
2 4.978673194566997 1.4825126327201403
3 -1.2948143343079415 3.9441395307436946
4 4.12330101191578 -1.4799940283165438
5 -3.144926185579341 2.0761430109774386
6 0.26070785138654307 0.17205930570833283
7 3.650000921806031 0.13663543153833668
8 1.3658545810718594 2.377744832786319
9 -0.00042134604476106504 -3.3084264392834424
0 1.0424256239610548 4.958272643886695
1 -0.01740437613762769 2.9177021251688333
2 4.973418667844577 1.4790163051821301
3 -1.312012860738304 3.9527794368340423
4 4.127302523482743 -1.4737708771504758
5 -3.15802119631923 2.0762418241337963
6 0.2550982504808679 0.1755605406446632
7 3.668637159844095 0.12604717060858472
8 1.363277382750178 2.3697344525650013
9 -0.0027917901414960347 -3.3002369621968413
0 1.0590701166687226 4.967216365770276
1 -0.034886825344286346 2.9376035315242706
2 4.968164141122156 1.47551997764412
3 -1.3292113871686664 3.96141934292439
4 4.1313040350497054 -1.4675477259844079
5 -3.171116207059119 2.076340637290154
6 0.24948864957519276 0.17906177558099357
7 3.6872733978821595 0.11545890967883277
8 1.3607001844284967 2.3617240723436836
9 -0.005162234238231004 -3.29204748511024
0 1.0757146093763905 4.976160087653857
1 -0.052369274550945005 2.957504937879708
2 4.962909614399736 1.4720236501061097
3 -1.3464099135990288 3.9700592490147377
4 4.135305546616668 -1.4613245748183399
5 -3.1842112177990076 2.076439450446512
6 0.2438790486695176 0.18256301051732393
7 3.7059096359202237 0.10487064874908081
8 1.3581229861068154 2.353713692122366
9 -0.007532678334965974 -3.283858008023639
0 1.0923591020840584 4.985103809537438
1 -0.06985172375760366 2.977406344235145
2 4.957655087677316 1.4685273225680995
3 -1.3636084400293913 3.9786991551050854
4 4.139307058183631 -1.455101423652272
5 -3.1973062285388965 2.0765382636028695
6 0.23826944776384243 0.1860642454536543
7 3.724545873958288 0.09428238781932885
8 1.355545787785134 2.3457033119010484
9 -0.009903122431700944 -3.275668530937038
0 1.1090035947917263 4.994047531421018
1 -0.08733417296426232 2.9973077505905823
2 4.952400560954896 1.4650309950300893
3 -1.3808069664597538 3.987339061195433
4 4.143308569750594 -1.448878272486204
5 -3.2104012392787853 2.0766370767592273
6 0.23265984685816726 0.18956548038998466
7 3.743182111996352 0.08369412688957689
8 1.3529685894634527 2.337692931679731
9 -0.012273566528435914 -3.267479053850437
0 1.1256480874993942 4.997008746695401
1 -0.10481662217092098 3.0172091569460195
2 4.947146034232476 1.461534667492079
3 -1.3980054928901162 3.995978967285781
4 4.147310081317556 -1.442655121320136
5 -3.223496250018674 2.076735889915585
6 0.2270502459524921 0.19306671532631503
7 3.7618183500344164 0.07310586595982493
8 1.3503913911417713 2.329682551458413
9 -0.014644010625170885 -3.2592895767638357
0 1.142292580207062 4.98806502481182
1 -0.12229907137757964 3.037110563301457
2 4.941891507510055 1.4580383399540688
3 -1.4152040193204787 4.0046188733761285
4 4.151311592884519 -1.436431970154068
5 -3.236591260758563 2.0768347030719427
6 0.22144064504681693 0.1965679502626454
7 3.7804545880724807 0.06251760503007298
8 1.34781419282009 2.3216721712370956
9 -0.017014454721905853 -3.2511000996772346
0 1.15893707291473 4.979121302928239
1 -0.1397815205842383 3.057011969656894
2 4.936636980787635 1.4545420124160586
3 -1.4324025457508411 4.013258779466476
4 4.155313104451482 -1.430208818988
5 -3.249686271498452 2.0769335162283005
6 0.21583104414114176 0.20006918519897576
7 3.799090826110545 0.05192934410032101
8 1.3452369944984086 2.313661791015778
9 -0.019384898818640823 -3.2429106225906335
0 1.1755815656223978 4.970177581044658
1 -0.15726396979089693 3.0769133760123313
2 4.931382454065215 1.4510456848780484
3 -1.4496010721812036 4.021898685556823
4 4.159314616018444 -1.423985667821932
5 -3.2627812822383406 2.077032329384658
6 0.2102214432354666 0.20357042013530613
7 3.817727064148609 0.041341083170569046
8 1.3426597961767273 2.3056514107944603
9 -0.021755342915375793 -3.2347211455040323
0 1.1922260583300657 4.961233859161077
1 -0.17474641899755558 3.0968147823677685
2 4.926127927342795 1.4475493573400382
3 -1.466799598611566 4.03053859164717
4 4.163316127585407 -1.417762516655864
5 -3.2758762929782295 2.077131142541016
6 0.20461184232979143 0.2070716550716365
7 3.8363633021866734 0.03075282224081708
8 1.340082597855046 2.2976410305731427
9 -0.024125787012110763 -3.226531668417431
0 1.2088705510377336 4.952290137277497
1 -0.19222886820421423 3.1167161887232058
2 4.9208734006203745 1.444053029802028
3 -1.4839981250419285 4.039178497737518
4 4.16731763915237 -1.411539365489796
5 -3.2889713037181183 2.0772299556973737
6 0.19900224142411627 0.21057289000796686
7 3.8549995402247377 0.020164561311065116
8 1.3375053995333646 2.289630650351825
9 -0.026496231108845733 -3.21834219133083
0 1.2255150437454014 4.943346415393916
1 -0.20971131741087287 3.136617595078643
2 4.915618873897954 1.4405567022640178
3 -1.501196651472291 4.047818403827865
4 4.171319150719333 -1.405316214323728
5 -3.302066314458007 2.0773287688537314
6 0.1933926405184411 0.21407412494429723
7 3.873635778262802 0.009576300381313152
8 1.3349282012116832 2.2816202701305075
9 -0.028866675205580703 -3.210152714244229
0 1.2421595364530693 4.934402693510335
1 -0.22719376661753152 3.1565190014340803
2 4.910364347175534 1.4370603747260076
3 -1.5183951779026534 4.056458309918212
4 4.175320662286295 -1.3990930631576601
5 -3.315161325197896 2.077427582010089
6 0.18778303961276593 0.2175753598806276
7 3.892272016300866 -0.001011960548438811
8 1.3323510028900019 2.27360988990919
9 -0.031237119302315673 -3.201963237157628
0 1.2588040291607372 4.925458971626754
1 -0.24467621582419016 3.1764204077895175
2 4.905109820453114 1.4335640471879973
3 -1.535593704333016 4.065098216008559
4 4.179322173853258 -1.3928699119915922
5 -3.328256335937785 2.077526395166447
6 0.18217343870709077 0.22107659481695796
7 3.9109082543389304 -0.011600221478190774
8 1.3297738045683205 2.2655995096878723
9 -0.03360756339905064 -3.1937737600710268
0 1.275448521868405 4.916515249743173
1 -0.26215866503084884 3.1963218141449548
2 4.899855293730694 1.4300677196499871
3 -1.5527922307633784 4.073738122098907
4 4.183323685420221 -1.3866467608255242
5 -3.3413513466776736 2.0776252083228046
6 0.1765638378014156 0.22457782975328833
7 3.9295444923769947 -0.022188482407942738
8 1.3271966062466392 2.2575891294665547
9 -0.035978007495785606 -3.1855842829844256
0 1.292093014576073 4.907571527859592
1 -0.2796411142375075 3.216223220500392
2 4.894600767008273 1.426571392111977
3 -1.5699907571937408 4.082378028189254
4 4.187325196987183 -1.3804236096594562
5 -3.3544463574175625 2.0777240214791624
6 0.17095423689574044 0.2280790646896187
7 3.948180730415059 -0.0327767433376947
8 1.3246194079249578 2.249578749245237
9 -0.03834845159252057 -3.1773948058978245
0 1.3087375072837408 4.8986278059760116
1 -0.2971235634441661 3.2361246268558292
2 4.889346240285853 1.4230750645739667
3 -1.5871892836241033 4.091017934279601
4 4.191326708554146 -1.3742004584933882
5 -3.3675413681574513 2.07782283463552
6 0.16534463599006527 0.23158029962594906
7 3.966816968453123 -0.04336500426744667
8 1.3220422096032765 2.2415683690239194
9 -0.04071889568925554 -3.1692053288112234
0 1.3253819999914087 4.889684084092431
1 -0.3146060126508248 3.2560260332112665
2 4.884091713563433 1.4195787370359565
3 -1.6043878100544657 4.099657840369948
4 4.195328220121109 -1.3679773073273203
5 -3.38063637889734 2.077921647791878
6 0.1597350350843901 0.23508153456227943
7 3.9854532064911874 -0.05395326519719863
8 1.319465011281595 2.233557988802602
9 -0.043089339785990506 -3.1610158517246223
0 1.3420264926990766 4.88074036220885
1 -0.3320884618574834 3.2759274395667037
2 4.878837186841013 1.4160824094979463
3 -1.6215863364848282 4.108297746460296
4 4.1993297316880716 -1.3617541561612523
5 -3.393731389637229 2.0780204609482356
6 0.15412543417871494 0.2385827694986098
7 4.004089444529252 -0.06454152612695059
8 1.3168878129599138 2.225547608581284
9 -0.04545978388272547 -3.152826374638021
0 1.3586709854067445 4.871796640325269
1 -0.34957091106414206 3.295828845922141
2 4.8735826601185925 1.412586081959936
3 -1.6387848629151907 4.116937652550643
4 4.203331243255034 -1.3555310049951843
5 -3.406826400377118 2.0781192741045933
6 0.14851583327303977 0.24208400443494016
7 4.022725682567317 -0.07512978705670255
8 1.3143106146382324 2.2175372283599666
9 -0.04783022797946044 -3.14463689755142
0 1.3753154781144123 4.862852918441688
1 -0.3670533602708007 3.3157302522775782
2 4.868328133396172 1.4090897544219259
3 -1.6559833893455531 4.12557755864099
4 4.207332754821997 -1.3493078538291163
5 -3.4199214111170066 2.078218087260951
6 0.1429062323673646 0.24558523937127053
7 4.0413619206053815 -0.08571804798645451
8 1.311733416316551 2.209526848138649
9 -0.050200672076195406 -3.136447420464819
0 1.3919599708220802 4.853909196558107
1 -0.38453580947745936 3.3356316586330155
2 4.863073606673752 1.4055934268839156
3 -1.6731819157759156 4.134217464731337
4 4.21133426638896 -1.3430847026630484
5 -3.4330164218568955 2.0783169004173088
6 0.13729663146168944 0.2490864743076009
7 4.059998158643446 -0.09630630891620647
8 1.3091562179948697 2.2015164679173314
9 -0.05257111617293037 -3.128257943378218
0 1.408604463529748 4.8449654746745265
1 -0.402018258684118 3.3555330649884527
2 4.857819079951332 1.4020970993459054
3 -1.690380442206278 4.142857370821685
4 4.215335777955922 -1.3368615514969804
5 -3.4461114325967843 2.0784157135736665
6 0.13168703055601427 0.25258770924393126
7 4.078634396681511 -0.10689456984595842
8 1.3065790196731883 2.1935060876960137
9 -0.05494156026966534 -3.1200684662916167
0 1.425248956237416 4.836021752790946
1 -0.41950070789077665 3.37543447134389
2 4.852564553228912 1.3986007718078952
3 -1.7075789686366405 4.151497276912032
4 4.219337289522885 -1.3306384003309124
5 -3.459206443336673 2.0785145267300242
6 0.1260774296503391 0.2560889441802616
7 4.0972706347195755 -0.11748283077571038
8 1.304001821351507 2.185495707474696
9 -0.057312004366400306 -3.1118789892050156
0 1.4418934489450839 4.827078030907365
1 -0.4369831570974353 3.395335877699327
2 4.8473100265064915 1.395104444269885
3 -1.724777495067003 4.160137183002379
4 4.223338801089848 -1.3244152491648444
5 -3.472301454076562 2.078613339886382
6 0.12046782874466395 0.259590179116592
7 4.11590687275764 -0.12807109170546235
8 1.3014246230298256 2.1774853272533785
9 -0.05968244846313527 -3.1036895121184145
0 1.4585379416527517 4.818134309023784
1 -0.45446560630409394 3.4152372840547645
2 4.842055499784071 1.3916081167318748
3 -1.7419760214973654 4.1687770890927265
4 4.2273403126568105 -1.3181920979987765
5 -3.485396464816451 2.0787121530427397
6 0.1148582278389888 0.26309141405292236
7 4.134543110795705 -0.1386593526352143
8 1.2988474247081443 2.169474947032061
9 -0.06205289255987024 -3.0955000350318134
0 1.4751824343604196 4.809190587140203
1 -0.4719480555107526 3.4351386904102017
2 4.836800973061651 1.3881117891938646
3 -1.7591745479277279 4.177416995183074
4 4.231341824223773 -1.3119689468327085
5 -3.4984914755563397 2.0788109661990974
6 0.10924862693331365 0.2665926489892527
7 4.15317934883377 -0.14924761356496627
8 1.296270226386463 2.1614645668107433
9 -0.06442333665660521 -3.0873105579452123
0 1.4918269270680875 4.800246865256622
1 -0.48943050471741123 3.455040096765639
2 4.831546446339231 1.3846154616558544
3 -1.7763730743580903 4.186056901273421
4 4.235343335790736 -1.3057457956666405
5 -3.5115864862962285 2.078909779355455
6 0.1036390260276385 0.2700938839255831
7 4.171815586871834 -0.15983587449471823
8 1.2936930280647816 2.1534541865894257
9 -0.06679378075334018 -3.079121080858611
0 1.5084714197757554 4.7913031433730415
1 -0.5069129539240699 3.474941503121076
2 4.826291919616811 1.3811191341178441
3 -1.7935716007884528 4.194696807363768
4 4.239344847357699 -1.2995226445005725
5 -3.5246814970361173 2.079008592511813
6 0.09802942512196335 0.27359511886191346
7 4.190451824909899 -0.17042413542447019
8 1.2911158297431002 2.145443806368108
9 -0.06916422485007515 -3.07093160377201
0 1.5251159124834233 4.782359421489461
1 -0.5243954031307285 3.4948429094765134
2 4.82103739289439 1.377622806579834
3 -1.8107701272188153 4.2033367134541155
4 4.243346358924661 -1.2932994933345046
5 -3.537776507776006 2.0791074056681706
6 0.0924198242162882 0.2770963537982438
7 4.209088062947964 -0.18101239635422214
8 1.288538631421419 2.1374334261467904
9 -0.07153466894681011 -3.062742126685409
0 1.5417604051910911 4.77341569960588
1 -0.5418778523373872 3.5147443158319507
2 4.81578286617197 1.3741264790418237
3 -1.8279686536491777 4.211976619544463
4 4.247347870491624 -1.2870763421684366
5 -3.550871518515895 2.0792062188245284
6 0.08681022331061304 0.2805975887345742
7 4.227724300986028 -0.1916006572839741
8 1.2859614330997375 2.129423045925473
9 -0.07390511304354508 -3.054552649598808
0 1.558404897898759 4.764471977722299
1 -0.5593603015440458 3.534645722187388
2 4.81052833944955 1.3706301515038135
3 -1.8451671800795402 4.22061652563481
4 4.251349382058587 -1.2808531910023686
5 -3.563966529255784 2.079305031980886
6 0.08120062240493789 0.28409882367090455
7 4.246360539024093 -0.20218891821372606
8 1.2833842347780562 2.121412665704155
9 -0.07627555714028005 -3.0463631725122067
0 1.575049390606427 4.755528255838718
1 -0.5768427507507045 3.554547128542825
2 4.80527381272713 1.3671338239658033
3 -1.8623657065099026 4.229256431725157
4 4.2553508936255495 -1.2746300398363006
5 -3.5770615399956727 2.079403845137244
6 0.07559102149926274 0.2876000586072349
7 4.264996777062158 -0.21277717914347802
8 1.2808070364563748 2.1134022854828376
9 -0.07864600123701501 -3.0381736954256056
0 1.5916938833140948 4.746584533955137
1 -0.5943251999573631 3.5744485348982624
2 4.8000192860047095 1.363637496427793
3 -1.879564232940265 4.237896337815505
4 4.259352405192512 -1.2684068886702327
5 -3.5901565507355615 2.0795026582936016
6 0.06998142059358758 0.2911012935435653
7 4.283633015100222 -0.22336544007322998
8 1.2782298381346935 2.10539190526152
9 -0.08101644533374998 -3.0299842183390044
0 1.6083383760217627 4.7376408120715565
1 -0.6118076491640217 3.5943499412536997
2 4.794764759282289 1.3601411688897829
3 -1.8967627593706275 4.246536243905852
4 4.263353916759475 -1.2621837375041647
5 -3.6032515614754503 2.0796014714499593
6 0.06437181968791243 0.29460252847989565
7 4.302269253138287 -0.23395370100298193
8 1.2756526398130121 2.0973815250402024
9 -0.08338688943048495 -3.0217947412524033
0 1.6249828687294305 4.728697090187976
1 -0.6292900983706804 3.614251347609137
2 4.789510232559869 1.3566448413517727
3 -1.91396128580099 4.255176149996199
4 4.267355428326438 -1.2559605863380967
5 -3.616346572215339 2.079700284606317
6 0.05876221878223728 0.298103763416226
7 4.320905491176352 -0.2445419619327339
8 1.2730754414913308 2.0893711448188848
9 -0.08575733352721991 -3.013605264165802
0 1.6416273614370984 4.719753368304395
1 -0.646772547577339 3.634152753964574
2 4.784255705837449 1.3531485138137624
3 -1.9311598122313525 4.263816056086546
4 4.2713569398934 -1.2497374351720287
5 -3.629441582955228 2.079799097762675
6 0.05315261787656213 0.3016049983525564
7 4.3395417292144165 -0.2551302228624859
8 1.2704982431696494 2.081360764597567
9 -0.08812777762395488 -3.005415787079201
0 1.6582718541447663 4.710809646420814
1 -0.6642549967839977 3.6540541603200114
2 4.779001179115029 1.3496521862757522
3 -1.948358338661715 4.272455962176894
4 4.275358451460363 -1.2435142840059608
5 -3.642536593695117 2.0798979109190325
6 0.047543016970886975 0.30510623328888675
7 4.358177967252481 -0.26571848379223784
8 1.267921044847968 2.0733503843762495
9 -0.09049822172068984 -2.9972263099926
0 1.6749163468524342 4.701865924537233
1 -0.6817374459906563 3.6739555666754486
2 4.773746652392608 1.346155858737742
3 -1.9655568650920774 4.281095868267241
4 4.279359963027326 -1.2372911328398928
5 -3.6556316044350057 2.0799967240753903
6 0.04193341606521182 0.3086074682252171
7 4.376814205290546 -0.2763067447219898
8 1.2653438465262867 2.065340004154932
9 -0.09286866581742481 -2.989036832905999
0 1.691560839560102 4.692922202653652
1 -0.699219895197315 3.693856973030886
2 4.768492125670188 1.3426595311997318
3 -1.9827553915224398 4.289735774357588
4 4.2833614745942885 -1.2310679816738248
5 -3.6687266151748945 2.080095537231748
6 0.03632381515953667 0.3121087031615475
7 4.395450443328611 -0.28689500565174175
8 1.2627666482046054 2.0573296239336143
9 -0.09523910991415978 -2.9808473558193977
0 1.70820533226777 4.6839784807700715
1 -0.7167023444039736 3.713758379386323
2 4.763237598947768 1.3391632036617216
3 -1.9999539179528023 4.298375680447935
4 4.287362986161251 -1.2248448305077568
5 -3.6818216259147833 2.0801943503881057
6 0.03071421425386152 0.31560993809787785
7 4.414086681366675 -0.2974832665814937
8 1.260189449882924 2.0493192437122967
9 -0.09760955401089474 -2.9726578787327966
0 1.7248498249754378 4.675034758886491
1 -0.7341847936106323 3.7336597857417604
2 4.757983072225348 1.3356668761237114
3 -2.0171524443831648 4.307015586538283
4 4.291364497728214 -1.2186216793416889
5 -3.694916636654672 2.0802931635444635
6 0.025104613348186366 0.3191111730342082
7 4.43272291940474 -0.30807152751124567
8 1.2576122515612427 2.041308863490979
9 -0.09997999810762971 -2.9644684016461955
0 1.7414943176831057 4.66609103700291
1 -0.7516672428172909 3.7535611920971976
2 4.752728545502928 1.3321705485857012
3 -2.0343509708135272 4.31565549262863
4 4.295366009295177 -1.2123985281756209
5 -3.708011647394561 2.080391976700821
6 0.019495012442511214 0.3226124079705386
7 4.451359157442805 -0.3186597884409976
8 1.2550350532395613 2.0332984832696614
9 -0.10235044220436468 -2.9562789245595944
0 1.7581388103907736 4.657147315119329
1 -0.7691496920239496 3.773462598452635
2 4.747474018780507 1.328674221047691
3 -2.0515494972438897 4.324295398718977
4 4.299367520862139 -1.206175377009553
5 -3.72110665813445 2.080490789857179
6 0.01388541153683606 0.32611364290686895
7 4.469995395480869 -0.3292480493707496
8 1.25245785491788 2.025288103048344
9 -0.10472088630109964 -2.9480894474729933
0 1.7747833030984415 4.648203593235748
1 -0.7866321412306082 3.793364004808072
2 4.742219492058087 1.3251778935096807
3 -2.068748023674252 4.332935304809324
4 4.303369032429102 -1.199952225843485
5 -3.7342016688743387 2.0805896030135367
6 0.008275810631160906 0.3296148778431993
7 4.488631633518934 -0.33983631030050154
8 1.2498806565961986 2.017277722827026
9 -0.10709133039783461 -2.939899970386392
0 1.7914277958061093 4.639259871352167
1 -0.8041145904372669 3.8132654111635094
2 4.736964965335667 1.3216815659716705
3 -2.0859465501046146 4.341575210899672
4 4.307370543996065 -1.193729074677417
5 -3.7472966796142275 2.0806884161698944
6 0.0026662097254857523 0.3331161127795297
7 4.507267871556999 -0.3504245712302535
8 1.2473034582745173 2.0092673426057086
9 -0.10946177449456958 -2.931710493299791
0 1.8080722885137772 4.6303161494685865
1 -0.8215970396439255 3.8331668175189466
2 4.731710438613247 1.3181852384336603
3 -2.103145076534977 4.350215116990019
4 4.3113720555630275 -1.187505923511349
5 -3.7603916903541164 2.080787229326252
6 -0.0029433911801894017 0.33661734771586005
7 4.525904109595063 -0.36101283216000546
8 1.244726259952836 2.001256962384391
9 -0.11183221859130454 -2.92352101621319
0 1.824716781221445 4.621372427585006
1 -0.8390794888505841 3.853068223874384
2 4.7264559118908265 1.31468891089565
3 -2.1203436029653395 4.358855023080366
4 4.31537356712999 -1.181282772345281
5 -3.773486701094005 2.08088604248261
6 -0.008552992085864556 0.3401185826521904
7 4.544540347633128 -0.3716010930897574
8 1.2421490616311546 1.9932465821630734
9 -0.11420266268803951 -2.915331539126589
0 1.841361273929113 4.612428705701425
1 -0.8565619380572428 3.872969630229821
2 4.721201385168406 1.3111925833576399
3 -2.137542129395702 4.3674949291707135
4 4.319375078696953 -1.175059621179213
5 -3.786581711833894 2.0809848556389676
6 -0.01416259299153971 0.3436198175885208
7 4.563176585671193 -0.3821893540195094
8 1.2395718633094732 1.9852362019417558
9 -0.11657310678477448 -2.9071420620399877
0 1.8580057666367809 4.603484983817844
1 -0.8740443872639014 3.8928710365852583
2 4.715946858445986 1.3076962558196297
3 -2.1547406558260644 4.376134835261061
4 4.323376590263916 -1.168836470013145
5 -3.799676722573783 2.0810836687953254
6 -0.019772193897214865 0.34712105252485115
7 4.5818128237092575 -0.39277761494926133
8 1.2369946649877919 1.9772258217204381
9 -0.11894355088150944 -2.8989525849533866
0 1.8746502593444487 4.594541261934263
1 -0.8915268364705601 3.9127724429406956
2 4.710692331723566 1.3041999282816195
3 -2.171939182256427 4.384774741351408
4 4.327378101830878 -1.162613318847077
5 -3.8127717333136717 2.081182481951683
6 -0.025381794802890018 0.3506222874611815
7 4.600449061747322 -0.4033658758790133
8 1.2344174666661105 1.9692154414991205
9 -0.12131399497824441 -2.8907631078667855
0 1.8912947520521166 4.585597540050682
1 -0.9090092856772187 3.932673849296133
2 4.705437805001146 1.3007036007436092
3 -2.1891377086867894 4.393414647441755
4 4.331379613397841 -1.156390167681009
5 -3.8258667440535605 2.081281295108041
6 -0.03099139570856517 0.3541235223975119
7 4.619085299785387 -0.41395413680876525
8 1.2318402683444292 1.961205061277803
9 -0.12368443907497938 -2.8825736307801844
0 1.9079392447597845 4.5766538181671015
1 -0.9264917348838774 3.95257525565157
2 4.700183278278725 1.297207273205599
3 -2.206336235117152 4.4020545535321025
4 4.335381124964804 -1.1501670165149411
5 -3.8389617547934494 2.0813801082643986
6 -0.03660099661424032 0.35762475733384225
7 4.6377215378234515 -0.4245423977385172
8 1.2292630700227478 1.9531946810564853
9 -0.12605488317171434 -2.8743841536935832
0 1.9245837374674524 4.567710096283521
1 -0.943974184090536 3.9724766620070073
2 4.694928751556305 1.2937109456675888
3 -2.2235347615475143 4.41069445962245
4 4.3393826365317665 -1.1439438653488732
5 -3.852056765533338 2.0814789214207563
6 -0.042210597519915474 0.3611259922701726
7 4.656357775861516 -0.43513065866826917
8 1.2266858717010665 1.9451843008351677
9 -0.12842532726844932 -2.866194676606982
0 1.9412282301751203 4.55876637439994
1 -0.9614566332971947 3.9923780683624446
2 4.689674224833885 1.2902146181295786
3 -2.2407332879778767 4.419334365712797
4 4.343384148098729 -1.1377207141828052
5 -3.865151776273227 2.081577734577114
6 -0.047820198425590627 0.364627227206503
7 4.674994013899581 -0.4457189195980211
8 1.2241086733793851 1.93717392061385
9 -0.1307957713651843 -2.858005199520381
0 1.9578727228827881 4.549822652516359
1 -0.9789390825038533 4.012279474717882
2 4.684419698111465 1.2867182905915684
3 -2.257931814408239 4.427974271803144
4 4.347385659665692 -1.1314975630167372
5 -3.878246787013116 2.0816765477334718
6 -0.05342979933126578 0.36812846214283335
7 4.693630251937646 -0.4563071805277731
8 1.2215314750577038 1.9291635403925325
9 -0.13316621546191929 -2.84981572243378
0 1.974517215590456 4.540878930632778
1 -0.996421531710512 4.0321808810733195
2 4.6791651713890445 1.2832219630535582
3 -2.2751303408386017 4.4366141778934916
4 4.351387171232655 -1.1252744118506692
5 -3.8913417977530047 2.0817753608898295
6 -0.05903940023694093 0.3716296970791637
7 4.71226648997571 -0.46689544145752504
8 1.2189542767360224 1.9211531601712148
9 -0.13553665955865427 -2.841626245347179
0 1.991161708298124 4.531935208749197
1 -1.0139039809171706 4.052082287428757
2 4.673910644666624 1.279725635515548
3 -2.292328867268964 4.445254083983839
4 4.355388682799617 -1.1190512606846013
5 -3.9044368084928935 2.0818741740461872
6 -0.06464900114261608 0.3751309320154941
7 4.730902728013775 -0.477483702387277
8 1.216377078414341 1.9131427799498972
9 -0.13790710365538925 -2.8334367682605777
0 2.007806201005792 4.5229914868656165
1 -1.0313864301238294 4.071983693784194
2 4.668656117944204 1.2762293079775378
3 -2.3095273936993266 4.453893990074186
4 4.35939019436658 -1.1128281095185333
5 -3.9175318192327824 2.081972987202545
6 -0.07025860204829124 0.37863216695182444
7 4.74953896605184 -0.48807196331702896
8 1.2137998800926597 1.9051323997285796
9 -0.14027754775212423 -2.8252472911739765
0 2.02445069371346 4.514047764982036
1 -1.0488688793304881 4.091885100139631
2 4.663401591221784 1.2727329804395275
3 -2.326725920129689 4.462533896164533
4 4.363391705933543 -1.1066049583524653
5 -3.930626829972671 2.0820718003589027
6 -0.07586820295396639 0.3821334018881548
7 4.768175204089904 -0.4986602242467809
8 1.2112226817709784 1.897122019507262
9 -0.1426479918488592 -2.8170578140873754
0 2.0410951864211277 4.505104043098455
1 -1.0663513285371469 4.1117865064950685
2 4.658147064499364 1.2692366529015173
3 -2.3439244465600515 4.471173802254881
4 4.3673932175005055 -1.1003818071863973
5 -3.94372184071256 2.0821706135152604
6 -0.08147780385964154 0.3856346368244852
7 4.786811442127969 -0.5092484851765329
8 1.208645483449297 1.8891116392859444
9 -0.1450184359455942 -2.8088683370007743
0 2.0577396791287956 4.496160321214874
1 -1.0838337777438056 4.131687912850506
2 4.6528925377769434 1.2657403253635071
3 -2.361122972990414 4.479813708345228
4 4.371394729067468 -1.0941586560203294
5 -3.956816851452449 2.082269426671618
6 -0.08708740476531669 0.38913587176081554
7 4.805447680166034 -0.5198367461062848
8 1.2060682851276157 1.8811012590646268
9 -0.14738888004232917 -2.800678859914173
0 2.0743841718364635 4.487216599331293
1 -1.1013162269504644 4.151589319205943
2 4.647638011054523 1.262243997825497
3 -2.3783214994207764 4.488453614435575
4 4.375396240634431 -1.0879355048542614
5 -3.9699118621923377 2.082368239827976
6 -0.09269700567099184 0.3926371066971459
7 4.824083918204098 -0.5304250070360368
8 1.2034910868059343 1.8730908788433092
9 -0.14975932413906415 -2.792489382827572
0 2.0910286645441314 4.478272877447712
1 -1.1187986761571231 4.17149072556138
2 4.642383484332103 1.2587476702874867
3 -2.395520025851139 4.497093520525922
4 4.379397752201394 -1.0817123536881934
5 -3.9830068729322265 2.0824670529843337
6 -0.098306606576667 0.3961383416334763
7 4.842720156242163 -0.5410132679657887
8 1.200913888484253 1.8650804986219915
9 -0.15212976823579913 -2.784299905740971
0 2.1076731572517993 4.4693291555641315
1 -1.136281125363782 4.1913921319168175
2 4.637128957609683 1.2552513427494765
3 -2.4127185522815013 4.50573342661627
4 4.383399263768356 -1.0754892025221254
5 -3.9961018836721154 2.0825658661406914
6 -0.10391620748234215 0.39963957656980664
7 4.861356394280228 -0.5516015288955407
8 1.1983366901625716 1.857070118400674
9 -0.1545002123325341 -2.77611042865437
0 2.124317649959467 4.460385433680551
1 -1.1537635745704407 4.211293538272255
2 4.631874430887263 1.2517550152114663
3 -2.429917078711864 4.514373332706617
4 4.387400775335319 -1.0692660513560575
5 -4.009196894412004 2.082664679297049
6 -0.1095258083880173 0.403140811506137
7 4.8799926323182925 -0.5621897898252927
8 1.1957594918408903 1.8490597381793563
9 -0.1568706564292691 -2.7679209515677687
0 2.140962142667135 4.45144171179697
1 -1.1712460237770994 4.231194944627692
2 4.626619904164842 1.248258687673456
3 -2.4471156051422263 4.523013238796964
4 4.391402286902282 -1.0630429001899895
5 -4.022291905151893 2.082763492453407
6 -0.11513540929369245 0.4066420464424674
7 4.898628870356357 -0.5727780507550446
8 1.193182293519209 1.8410493579580387
9 -0.15924110052600407 -2.7597314744811676
0 2.157606635374803 4.442497989913389
1 -1.1887284729837582 4.251096350983129
2 4.621365377442422 1.2447623601354458
3 -2.4643141315725887 4.531653144887311
4 4.3954037984692444 -1.0568197490239215
5 -4.035386915891782 2.0828623056097646
6 -0.1207450101993676 0.41014328137879774
7 4.917265108394422 -0.5833663116847966
8 1.1906050951975276 1.833038977736721
9 -0.16161154462273905 -2.7515419973945665
0 2.174251128082471 4.433554268029808
1 -1.206210922190417 4.2709977573385665
2 4.616110850720002 1.2412660325974356
3 -2.481512658002951 4.540293050977659
4 4.399405310036207 -1.0505965978578535
5 -4.048481926631671 2.0829611187661223
6 -0.12635461110504276 0.4136445163151281
7 4.935901346432487 -0.5939545726145485
8 1.1880278968758462 1.8250285975154035
9 -0.16398198871947403 -2.7433525203079654
0 2.1908956207901387 4.424610546146227
1 -1.2236933713970757 4.290899163694004
2 4.610856323997582 1.2377697050594254
3 -2.4987111844333136 4.548932957068006
4 4.40340682160317 -1.0443734466917856
5 -4.06157693737156 2.08305993192248
6 -0.13196421201071792 0.4171457512514585
7 4.954537584470551 -0.6045428335443005
8 1.1854506985541649 1.8170182172940859
9 -0.166352432816209 -2.7351630432213643
0 2.2075401134978065 4.4156668242626465
1 -1.2411758206037344 4.310800570049441
2 4.6056017972751615 1.2342733775214152
3 -2.515909710863676 4.557572863158353
4 4.407408333170133 -1.0381502955257176
5 -4.074671948111448 2.083158745078838
6 -0.1375738129163931 0.42064698618778884
7 4.973173822508616 -0.6151310944740525
8 1.1828735002324835 1.8090078370727682
9 -0.168722876912944 -2.726973566134763
0 2.2241846062054744 4.406723102379066
1 -1.2586582698103932 4.330701976404878
2 4.600347270552741 1.230777049983405
3 -2.5331082372940386 4.5662127692487005
4 4.411409844737095 -1.0319271443596496
5 -4.087766958851337 2.0832575582351955
6 -0.14318341382206826 0.4241482211241192
7 4.991810060546681 -0.6257193554038044
8 1.1802963019108021 1.8009974568514506
9 -0.17109332100967897 -2.718784089048162
0 2.2408290989131423 4.397779380495485
1 -1.276140719017052 4.350603382760315
2 4.595092743830321 1.2272807224453948
3 -2.550306763724401 4.574852675339048
4 4.415411356304058 -1.0257039931935816
5 -4.100861969591226 2.0833563713915533
6 -0.14879301472774342 0.4276494560604496
7 4.989553701415255 -0.6363076163335564
8 1.1777191035891208 1.792987076630133
9 -0.17346376510641395 -2.710594611961561
0 2.25747359162081 4.388835658611904
1 -1.2936231682237107 4.370504789115753
2 4.589838217107901 1.2237843949073846
3 -2.5675052901547635 4.583492581429395
4 4.419412867871021 -1.0194808420275137
5 -4.113956980331115 2.083455184547911
6 -0.1544026156334186 0.43115069099677994
7 4.97091746337719 -0.6468958772633083
8 1.1751419052674394 1.7849766964088154
9 -0.17583420920314893 -2.70240513487496
0 2.274118084328478 4.379891936728323
1 -1.3111056174303695 4.39040619547119
2 4.584583690385481 1.2202880673693743
3 -2.584703816585126 4.592132487519742
4 4.423414379437983 -1.0132576908614457
5 -4.127051991071004 2.0835539977042687
6 -0.16001221653909375 0.4346519259331103
7 4.952281225339125 -0.6574841381930603
8 1.172564706945758 1.7769663161874978
9 -0.17820465329988391 -2.6942156577883587
0 2.290762577036146 4.370948214844742
1 -1.3285880666370282 4.410307601826627
2 4.57932916366306 1.2167917398313641
3 -2.6019023430154884 4.6007723936100895
4 4.427415891004946 -1.0070345396953777
5 -4.140147001810893 2.0836528108606265
6 -0.16562181744476892 0.43815316086944067
7 4.933644987301061 -0.6680723991228122
8 1.1699875086240767 1.7689559359661802
9 -0.1805750973966189 -2.6860261807017576
0 2.307407069743814 4.362004492961161
1 -1.346070515843687 4.430209008182064
2 4.57407463694064 1.213295412293354
3 -2.619100869445851 4.609412299700437
4 4.431417402571909 -1.0008113885293097
5 -4.153242012550781 2.083751624016984
6 -0.1712314183504441 0.44165439580577104
7 4.915008749262996 -0.6786606600525642
8 1.1674103103023954 1.7609455557448626
9 -0.18294554149335387 -2.6778367036151565
0 2.3240515624514817 4.353060771077581
1 -1.3635529650503457 4.450110414537502
2 4.56882011021822 1.2097990847553437
3 -2.6362993958762133 4.618052205790784
4 4.435418914138872 -0.9945882373632419
5 -4.16633702329067 2.083850437173342
6 -0.17684101925611925 0.4451556307421014
7 4.896372511224931 -0.6892489209823162
8 1.164833111980714 1.752935175523545
9 -0.18531598559008886 -2.6696472265285554
0 2.3406960551591496 4.344117049194
1 -1.3810354142570045 4.470011820892939
2 4.5635655834958 1.2063027572173335
3 -2.6534979223065758 4.626692111881131
4 4.439420425705834 -0.988365086197174
5 -4.179432034030559 2.0839492503296997
6 -0.18245062016179442 0.44865686567843177
7 4.8777362731868665 -0.6998371819120681
8 1.1622559136590327 1.7449247953022273
9 -0.18768642968682384 -2.6614577494419542
0 2.3573405478668175 4.335173327310419
1 -1.3985178634636632 4.489913227248376
2 4.5583110567733796 1.2028064296793233
3 -2.6706964487369382 4.6353320179714785
4 4.443421937272797 -0.9821419350311061
5 -4.192527044770448 2.0840480634860574
6 -0.18806022106746959 0.45215810061476214
7 4.859100035148802 -0.7104254428418201
8 1.1596787153373513 1.7369144150809097
9 -0.19005687378355882 -2.653268272355353
0 2.3739850405744853 4.326229605426838
1 -1.416000312670322 4.509814633603813
2 4.553056530050959 1.199310102141313
3 -2.6878949751673007 4.643971924061826
4 4.44742344883976 -0.9759187838650383
5 -4.205622055510337 2.084146876642415
6 -0.19366982197314475 0.4556593355510925
7 4.840463797110737 -0.721013703771572
8 1.15710151701567 1.728904034859592
9 -0.1924273178802938 -2.645078795268752
0 2.390629533282153 4.317285883543257
1 -1.4334827618769808 4.529716039959251
2 4.547802003328539 1.1958137746033028
3 -2.705093501597663 4.652611830152173
4 4.451424960406722 -0.9696956326989704
5 -4.218717066250226 2.084245689798773
6 -0.19927942287881992 0.45916057048742287
7 4.8218275590726725 -0.731601964701324
8 1.1545243186939886 1.7208936546382745
9 -0.19479776197702878 -2.636889318182151
0 2.407274025989821 4.308342161659676
1 -1.4509652110836395 4.549617446314688
2 4.542547476606119 1.1923174470652926
3 -2.7222920280280256 4.66125173624252
4 4.455426471973685 -0.9634724815329025
5 -4.231812076990114 2.0843445029551306
6 -0.20488902378449508 0.46266180542375324
7 4.803191321034608 -0.742190225631076
8 1.1519471203723073 1.7128832744169569
9 -0.19716820607376376 -2.6286998410955498
0 2.423918518697489 4.299398439776096
1 -1.4684476602902983 4.569518852670125
2 4.537292949883699 1.1888211195272824
3 -2.739490554458388 4.669891642332868
4 4.459427983540648 -0.9572493303668347
5 -4.244907087730003 2.0844433161114884
6 -0.21049862469017025 0.4661630403600836
7 4.784555082996543 -0.7527784865608279
8 1.149369922050626 1.7048728941956393
9 -0.19953865017049874 -2.6205103640089487
0 2.440563011405157 4.290454717892515
1 -1.485930109496957 4.589420259025562
2 4.5320384231612785 1.1853247919892722
3 -2.7566890808887505 4.678531548423215
4 4.463429495107611 -0.9510261792007668
5 -4.258002098469892 2.084542129267846
6 -0.21610822559584542 0.46966427529641397
7 4.765918844958478 -0.7633667474905799
8 1.1467927237289446 1.6968625139743216
9 -0.20190909426723372 -2.6123208869223475
0 2.4572075041128247 4.281510996008934
1 -1.5034125587036158 4.609321665381
2 4.526783896438858 1.181828464451262
3 -2.773887607319113 4.687171454513562
4 4.467431006674573 -0.944803028034699
5 -4.271097109209781 2.084640942424204
6 -0.22171782650152058 0.47316551023274434
7 4.747282606920414 -0.7739550084203318
8 1.1442155254072632 1.688852133753004
9 -0.2042795383639687 -2.6041314098357464
0 2.4738519968204926 4.272567274125353
1 -1.5208950079102745 4.629223071736437
2 4.521529369716438 1.1783321369132518
3 -2.7910861337494755 4.695811360603909
4 4.471432518241536 -0.9385798768686311
5 -4.28419211994967 2.0847397555805616
6 -0.22732742740719575 0.4766667451690747
7 4.728646368882349 -0.7845432693500838
8 1.1416383270855819 1.6808417535316864
9 -0.20664998246070368 -2.5959419327491453
0 2.4904964895281605 4.263623552241772
1 -1.5383774571169333 4.649124478091874
2 4.516274842994018 1.1748358093752416
3 -2.808284660179838 4.704451266694257
4 4.475434029808499 -0.9323567257025632
5 -4.297287130689559 2.0848385687369193
6 -0.23293702831287091 0.48016798010540507
7 4.710010130844284 -0.7951315302798357
8 1.1390611287639005 1.6728313733103688
9 -0.20902042655743866 -2.587752455662544
0 2.5071409822358284 4.254679830358191
1 -1.555859906323592 4.669025884447311
2 4.511020316271598 1.1713394818372314
3 -2.8254831866102004 4.713091172784604
4 4.479435541375461 -0.9261335745364954
5 -4.310382141429447 2.084937381893277
6 -0.23854662921854608 0.48366921504173543
7 4.69137389280622 -0.8057197912095877
8 1.1364839304422192 1.6648209930890512
9 -0.21139087065417364 -2.579562978575943
0 2.5237854749434963 4.245736108474611
1 -1.5733423555302508 4.688927290802749
2 4.505765789549177 1.1678431542992211
3 -2.842681713040563 4.721731078874951
4 4.483437052942424 -0.9199104233704275
5 -4.323477152169336 2.0850361950496348
6 -0.24415623012422125 0.4871704499780658
7 4.672737654768155 -0.8163080521393397
8 1.1339067321205378 1.6568106128677336
9 -0.21376131475090862 -2.571373501489342
0 2.540429967651164 4.23679238659103
1 -1.5908248047369096 4.708828697158186
2 4.500511262826757 1.164346826761211
3 -2.8598802394709253 4.730370984965298
4 4.487438564509387 -0.9136872722043596
5 -4.336572162909225 2.0851350082059925
6 -0.2497658310298964 0.49067168491439617
7 4.65410141673009 -0.8268963130690916
8 1.1313295337988565 1.648800232646416
9 -0.2161317588476436 -2.563184024402741
0 2.557074460358832 4.227848664707449
1 -1.6083072539435683 4.728730103513623
2 4.495256736104337 1.1608504992232007
3 -2.8770787659012877 4.739010891055646
4 4.4914400760763495 -0.9074641210382918
5 -4.349667173649114 2.0852338213623502
6 -0.25537543193557155 0.49417291985072653
7 4.635465178692026 -0.8374845739988436
8 1.1287523354771751 1.6407898524250983
9 -0.21850220294437858 -2.5549945473161397
0 2.5737189530665 4.218904942823868
1 -1.625789703150227 4.74863150986906
2 4.490002209381917 1.1573541716851905
3 -2.89427729233165 4.747650797145993
4 4.495441587643312 -0.9012409698722239
5 -4.362762184389003 2.085332634518708
6 -0.2609850328412467 0.4976741547870569
7 4.616828940653961 -0.8480728349285955
8 1.1261751371554938 1.6327794722037807
9 -0.22087264704111356 -2.5468050702295386
0 2.5903634457741678 4.209961220940287
1 -1.6432721523568858 4.768532916224498
2 4.4847476826594965 1.1538578441471803
3 -2.9114758187620127 4.75629070323634
4 4.499443099210275 -0.895017818706156
5 -4.375857195128892 2.0854314476750657
6 -0.2665946337469218 0.5011753897233873
7 4.598192702615896 -0.8586610958583475
8 1.1235979388338124 1.624769091982463
9 -0.22324309113784854 -2.5386155931429375
0 2.6070079384818357 4.201017499056706
1 -1.6607546015635446 4.788434322579935
2 4.479493155937076 1.15036151660917
3 -2.928674345192375 4.764930609326687
4 4.503444610777238 -0.8887946675400882
5 -4.38895220586878 2.0855302608314235
6 -0.27220423465259697 0.5046766246597176
7 4.5795564645778315 -0.8692493567880994
8 1.121020740512131 1.6167587117611455
9 -0.22561353523458352 -2.5304261160563364
0 2.6236524311895035 4.192073777173126
1 -1.6782370507702034 4.808335728935372
2 4.474238629214656 1.1468651890711599
3 -2.9458728716227376 4.773570515417035
4 4.5074461223442 -0.8825715163740203
5 -4.402047216608669 2.085629073987781
6 -0.2778138355582721 0.508177859596048
7 4.560920226539767 -0.8798376177178514
8 1.1184435421904497 1.6087483315398279
9 -0.2279839793313185 -2.5222366389697353
0 2.6402969238971714 4.183130055289545
1 -1.695719499976862 4.828237135290809
2 4.468984102492236 1.1433688615331496
3 -2.9630713980531 4.782210421507382
4 4.511447633911163 -0.8763483652079525
5 -4.415142227348558 2.085727887144139
6 -0.28342343646394724 0.5116790945323784
7 4.542283988501702 -0.8904258786476034
8 1.1158663438687684 1.6007379513185103
9 -0.23035442342805348 -2.514047161883134
0 2.6569414166048393 4.174186333405964
1 -1.7132019491835209 4.848138541646247
2 4.463729575769816 1.1398725339951394
3 -2.9802699244834625 4.790850327597729
4 4.515449145478126 -0.8701252140418846
5 -4.428237238088447 2.0858267003004967
6 -0.2890330373696224 0.5151803294687087
7 4.523647750463637 -0.9010141395773553
8 1.113289145547087 1.5927275710971927
9 -0.23272486752478846 -2.505857684796533
0 2.673585909312507 4.165242611522383
1 -1.7306843983901796 4.868039948001684
2 4.4584750490473954 1.1363762064571292
3 -2.997468450913825 4.7994902336880765
4 4.5194506570450885 -0.8639020628758167
5 -4.441332248828336 2.0859255134568544
6 -0.2946426382752975 0.5186815644050391
7 4.505011512425573 -0.9116024005071073
8 1.1107119472254057 1.584717190875875
9 -0.23509531162152345 -2.497668207709932
0 2.690230402020175 4.156298889638802
1 -1.7481668475968384 4.887941354357121
2 4.453220522324975 1.132879878919119
3 -3.0146669773441874 4.808130139778424
4 4.523452168612051 -0.8576789117097489
5 -4.454427259568225 2.086024326613212
6 -0.30025223918097266 0.5221827993413695
7 4.486375274387508 -0.9221906614368592
8 1.1081347489037243 1.5767068106545574
9 -0.23746575571825843 -2.489478730623331
0 2.706874894727843 4.147355167755221
1 -1.7656492968034971 4.907842760712558
2 4.447965995602555 1.1293835513811088
3 -3.03186550377455 4.816770045868771
4 4.527453680179014 -0.851455760543681
5 -4.467522270308113 2.08612313976957
6 -0.3058618400866478 0.5256840342776998
7 4.467739036349443 -0.9327789223666112
8 1.105557550582043 1.5686964304332398
9 -0.2398361998149934 -2.4812892535367297
0 2.723519387435511 4.138411445871641
1 -1.783131746010156 4.927744167067996
2 4.442711468880135 1.1258872238430986
3 -3.0490640302049123 4.825409951959118
4 4.531455191745977 -0.8452326093776131
5 -4.480617281048002 2.0862219529259276
6 -0.31147144099232293 0.5291852692140302
7 4.449102798311379 -0.9433671832963632
8 1.1029803522603616 1.5606860502119222
9 -0.2422066439117284 -2.4730997764501286
0 2.7401638801431787 4.12946772398806
1 -1.8006141952168147 4.947645573423433
2 4.437456942157715 1.1223908963050884
3 -3.066262556635275 4.8340498580494655
4 4.535456703312939 -0.8390094582115453
5 -4.493712291787891 2.0863207660822853
6 -0.3170810418979981 0.5326865041503606
7 4.430466560273314 -0.9539554442261151
8 1.1004031539386803 1.5526756699906046
9 -0.24457708800846337 -2.4649102993635275
0 2.7568083728508466 4.120524002104479
1 -1.8180966444234734 4.96754697977887
2 4.432202415435294 1.1188945687670782
3 -3.0834610830656373 4.842689764139813
4 4.539458214879902 -0.8327863070454774
5 -4.50680730252778 2.086419579238643
6 -0.3226906428036732 0.5361877390866909
7 4.411830322235249 -0.9645437051558671
8 1.097825955616999 1.544665289769287
9 -0.24694753210519835 -2.4567208222769263
0 2.7734528655585144 4.111580280220898
1 -1.8355790936301322 4.987448386134307
2 4.426947888712874 1.115398241229068
3 -3.1006596094959997 4.85132967023016
4 4.543459726446865 -0.8265631558794095
5 -4.519902313267669 2.086518392395001
6 -0.32830024370934835 0.5396889740230213
7 4.393194084197185 -0.975131966085619
8 1.0952487572953176 1.5366549095479693
9 -0.24931797620193333 -2.4485313451903252
0 2.7900973582661823 4.102636558337317
1 -1.853061542836791 4.9926502075102555
2 4.421693361990454 1.1119019136910577
3 -3.117858135926362 4.859969576320507
4 4.5474612380138275 -0.8203400047133417
5 -4.532997324007558 2.0866172055513585
6 -0.3339098446150235 0.5431902089593517
7 4.37455784615912 -0.985720227015371
8 1.0926715589736362 1.5286445293266517
9 -0.2516884202986683 -2.440341868103724
0 2.80674185097385 4.093692836453736
1 -1.8705439920434497 4.972748801154818
2 4.416438835268034 1.1084055861530475
3 -3.1350566623567246 4.868609482410855
4 4.55146274958079 -0.8141168535472738
5 -4.5460923347474465 2.0867160187077163
6 -0.3395194455206986 0.546691443895682
7 4.355921608121055 -0.996308487945123
8 1.0900943606519549 1.5206341491053341
9 -0.25405886439540326 -2.432152391017123
0 2.823386343681518 4.0847491145701555
1 -1.8880264412501084 4.952847394799381
2 4.4111843085456135 1.1049092586150373
3 -3.152255188787087 4.877249388501202
4 4.555464261147753 -0.807893702381206
5 -4.559187345487335 2.086814831864074
6 -0.34512904642637376 0.5501926788320124
7 4.3372853700829905 -1.006896748874875
8 1.0875171623302735 1.5126237688840165
9 -0.25642930849213824 -2.423962913930522
0 2.840030836389186 4.075805392686575
1 -1.9055088904567672 4.932945988443944
2 4.405929781823193 1.101412931077027
3 -3.1694537152174496 4.885889294591549
4 4.559465772714716 -0.8016705512151381
5 -4.572282356227224 2.0869136450204318
6 -0.3507386473320489 0.5536939137683428
7 4.318649132044926 -1.017485009804627
8 1.0849399640085922 1.504613388662699
9 -0.2587997525888732 -2.4157734368439208
0 2.856675329096854 4.066861670802994
1 -1.922991339663426 4.9130445820885065
2 4.400675255100773 1.0979166035390169
3 -3.186652241647812 4.894529200681896
4 4.563467284281678 -0.7954474000490702
5 -4.585377366967113 2.0870124581767895
6 -0.35634824823772404 0.5571951487046731
7 4.300012894006861 -1.0280732707343792
8 1.0823627656869108 1.4966030084413813
9 -0.2611701966856082 -2.4075839597573196
0 2.8733198218045217 4.057917948919413
1 -1.9404737888700847 4.893143175733069
2 4.395420728378353 1.0944202760010067
3 -3.2038507680781745 4.903169106772244
4 4.567468795848641 -0.7892242488830024
5 -4.598472377707002 2.0871112713331472
6 -0.3619578491433992 0.5606963836410035
7 4.2813766559687965 -1.0386615316641312
8 1.0797855673652295 1.4885926282200637
9 -0.2635406407823432 -2.3993944826707185
0 2.8899643145121896 4.048974227035832
1 -1.9579562380767435 4.873241769377632
2 4.390166201655933 1.0909239484629965
3 -3.221049294508537 4.911809012862591
4 4.571470307415604 -0.7830010977169345
5 -4.611567388446891 2.087210084489505
6 -0.3675674500490743 0.5641976185773339
7 4.262740417930732 -1.0492497925938833
8 1.077208369043548 1.480582247998746
9 -0.26591108487907816 -2.3912050055841174
0 2.9066088072198575 4.040030505152251
1 -1.9754386872834022 4.853340363022195
2 4.384911674933512 1.0874276209249862
3 -3.2382478209388994 4.920448918952938
4 4.5754718189825665 -0.7767779465508666
5 -4.6246623991867795 2.0873088976458627
6 -0.37317705095474946 0.5676988535136642
7 4.244104179892667 -1.0598380535236354
8 1.0746311707218668 1.4725718677774284
9 -0.26828152897581314 -2.3830155284975163
0 2.9232532999275254 4.0310867832686705
1 -1.992921136490061 4.8334389566667575
2 4.379657148211092 1.083931293386976
3 -3.255446347369262 4.929088825043285
4 4.579473330549529 -0.7705547953847988
5 -4.637757409926668 2.0874077108022204
6 -0.3787866518604246 0.5712000884499946
7 4.225467941854602 -1.0704263144533874
8 1.0720539724001854 1.4645614875561108
9 -0.2706519730725481 -2.374826051410915
0 2.9398977926351932 4.02214306138509
1 -2.0104035856967197 4.81353755031132
2 4.374402621488672 1.0804349658489658
3 -3.2726448737996243 4.937728731133633
4 4.583474842116492 -0.7643316442187309
5 -4.650852420666557 2.087506523958578
6 -0.38439625276609973 0.574701323386325
7 4.206831703816538 -1.0810145753831395
8 1.069476774078504 1.4565511073347932
9 -0.2730224171692831 -2.366636574324314
0 2.956542285342861 4.013199339501509
1 -2.0278860349033785 4.793636143955883
2 4.369148094766252 1.0769386383109556
3 -3.289843400229987 4.94636863722398
4 4.587476353683455 -0.758108493052663
5 -4.663947431406446 2.087605337114936
6 -0.39000585367177487 0.5782025583226553
7 4.188195465778473 -1.0916028363128916
8 1.0668995757568227 1.4485407271134756
9 -0.2753928612660181 -2.358447097237713
0 2.973186778050529 4.004255617617928
1 -2.0453684841100372 4.773734737600446
2 4.3638935680438316 1.0734423107729454
3 -3.3070419266603492 4.955008543314327
4 4.591477865250417 -0.7518853418865952
5 -4.677042442146335 2.0877041502712936
6 -0.39561545457745 0.5817037932589857
7 4.169559227740408 -1.1021910972426436
8 1.0643223774351414 1.440530346892158
9 -0.27776330536275307 -2.350257620151112
0 2.989831270758197 3.9953118957343476
1 -2.062850933316696 4.7538333312450085
2 4.358639041321411 1.0699459832349352
3 -3.3242404530907117 4.963648449404674
4 4.59547937681738 -0.7456621907205273
5 -4.690137452886224 2.0878029634276514
6 -0.40122505548312515 0.5852050281953161
7 4.150922989702344 -1.1127793581723957
8 1.06174517911346 1.4325199666708404
9 -0.28013374945948805 -2.3420681430645107
0 3.0064757634658648 3.9863681738507672
1 -2.0803333825233548 4.733931924889571
2 4.353384514598991 1.066449655696925
3 -3.341438979521074 4.972288355495022
4 4.599480888384343 -0.7394390395544594
5 -4.7032324636261125 2.087901776584009
6 -0.4068346563888003 0.5887062631316464
7 4.132286751664279 -1.1233676191021478
8 1.0591679807917787 1.4245095864495227
9 -0.282504193556223 -2.3338786659779096
0 3.0231202561735326 3.977424451967187
1 -2.0978158317300135 4.714030518534134
2 4.348129987876571 1.0629533281589147
3 -3.3586375059514366 4.980928261585369
4 4.6034823999513055 -0.7332158883883916
5 -4.716327474366001 2.088000589740367
6 -0.4124442572944754 0.5922074980679768
7 4.113650513626214 -1.1339558800318998
8 1.0565907824700973 1.4164992062282051
9 -0.284874637652958 -2.3256891888913085
0 3.0397647488812005 3.9684807300836065
1 -2.1152982809366723 4.694129112178697
2 4.342875461154151 1.0594570006209045
3 -3.375836032381799 4.989568167675716
4 4.607483911518268 -0.7269927372223237
5 -4.72942248510589 2.0880994028967246
6 -0.41805385820015056 0.5957087330043072
7 4.09501427558815 -1.144544140961652
8 1.054013584148416 1.4084888260068875
9 -0.287245081749693 -2.3174997118047074
0 3.0564092415888684 3.959537008200026
1 -2.132780730143331 4.6742277058232595
2 4.3376209344317305 1.0559606730828943
3 -3.3930345588121615 4.9982080737660635
4 4.611485423085231 -0.7207695860562559
5 -4.742517495845779 2.0881982160530823
6 -0.4236634591058257 0.5992099679406375
7 4.076378037550085 -1.155132401891404
8 1.0514363858267346 1.40047844578557
9 -0.28961552584642797 -2.3093102347181063
0 3.0730537342965363 3.9505932863164457
1 -2.15026317934999 4.654326299467822
2 4.33236640770931 1.052464345544884
3 -3.410233085242524 4.993152020143589
4 4.615486934652194 -0.714546434890188
5 -4.755612506585668 2.08829702920944
6 -0.42927306001150084 0.6027112028769679
7 4.05774179951202 -1.165720662821156
8 1.0488591875050532 1.3924680655642523
9 -0.29198596994316295 -2.301120757631505
0 3.089698227004204 3.9416495644328653
1 -2.1677456285566485 4.634424893112385
2 4.32711188098689 1.048968018006874
3 -3.4274316116728865 4.984512114053242
4 4.619488446219156 -0.7083232837241201
5 -4.768707517325557 2.088395842365798
6 -0.434882660917176 0.6062124378132983
7 4.0391055614739555 -1.1763089237509081
8 1.046281989183372 1.3844576853429347
9 -0.29435641403989793 -2.292931280544904
0 3.106342719711872 3.932705842549285
1 -2.1852280777633073 4.614523486756948
2 4.32185735426447 1.0454716904688637
3 -3.444630138103249 4.975872207962895
4 4.623489957786119 -0.7021001325580523
5 -4.7818025280654455 2.0884946555221555
6 -0.4404922618228511 0.6097136727496286
7 4.020469323435891 -1.1868971846806602
8 1.0437047908616905 1.376447305121617
9 -0.2967268581366329 -2.284741803458303
0 3.12298721241954 3.9237621206657045
1 -2.202710526969966 4.5946220804015105
2 4.31660282754205 1.0419753629308535
3 -3.4618286645336114 4.9672323018725475
4 4.627491469353082 -0.6958769813919844
5 -4.794897538805334 2.0885934686785133
6 -0.44610186272852625 0.613214907685959
7 4.001833085397826 -1.1974854456104123
8 1.0411275925400092 1.3684369249002994
9 -0.2990973022333679 -2.276552326371702
0 3.139631705127208 3.914818398782124
1 -2.220192976176625 4.574720674046073
2 4.311348300819629 1.0384790353928433
3 -3.479027190963974 4.9585923957822
4 4.6314929809200445 -0.6896538302259165
5 -4.807992549545223 2.088692281834871
6 -0.4517114636342014 0.6167161426222894
7 3.983196847359762 -1.2080737065401643
8 1.0385503942183278 1.3604265446789818
9 -0.30146774633010287 -2.2683628492851007
0 3.1562761978348757 3.9058746768985437
1 -2.2376754253832836 4.554819267690636
2 4.306093774097209 1.034982707854833
3 -3.4962257173943363 4.949952489691853
4 4.635494492487007 -0.6834306790598487
5 -4.821087560285112 2.0887910949912287
6 -0.45732106453987653 0.6202173775586197
7 3.9645606093216976 -1.2186619674699164
8 1.0359731958966465 1.3524161644576642
9 -0.30383819042683785 -2.2601733721984996
0 3.1729206905425436 3.8969309550149633
1 -2.2551578745899423 4.534917861335199
2 4.300839247374789 1.0314863803168228
3 -3.5134242438246988 4.941312583601506
4 4.63949600405397 -0.6772075278937808
5 -4.834182571025001 2.0888899081475865
6 -0.46293066544555167 0.6237186124949501
7 3.9459243712836334 -1.2292502283996685
8 1.0333959975749651 1.3444057842363466
9 -0.30620863452357283 -2.2519838951118984
0 3.1895651832502114 3.887987233131383
1 -2.272640323796601 4.515016454979762
2 4.295584720652369 1.0279900527788126
3 -3.530622770255061 4.9326726775111585
4 4.643497515620933 -0.6709843767277129
5 -4.84727758176489 2.088988721303944
6 -0.4685402663512268 0.6272198474312805
7 3.927288133245569 -1.2398384893294205
8 1.0308187992532838 1.336395404015029
9 -0.3085790786203078 -2.2437944180252973
0 3.2062096759578793 3.8790435112478026
1 -2.29012277300326 4.495115048624324
2 4.2903301939299485 1.0244937252408024
3 -3.5478212966854237 4.924032771420811
4 4.647499027187895 -0.6647612255616451
5 -4.8603725925047785 2.089087534460302
6 -0.47414986725690195 0.6307210823676108
7 3.908651895207505 -1.2504267502591726
8 1.0282416009316024 1.3283850237937114
9 -0.3109495227170428 -2.235604940938696
0 3.222854168665547 3.870099789364222
1 -2.3076052222099186 4.475213642268887
2 4.285075667207528 1.0209973977027922
3 -3.565019823115786 4.915392865330464
4 4.651500538754858 -0.6585380743955772
5 -4.873467603244667 2.0891863476166597
6 -0.4797594681625771 0.6342223173039412
7 3.8900156571694406 -1.2610150111889247
8 1.025664402609921 1.3203746435723938
9 -0.3133199668137778 -2.227415463852095
0 3.239498661373215 3.8611560674806418
1 -2.3250876714165774 4.45531223591345
2 4.279821140485108 1.017501070164782
3 -3.5822183495461486 4.906752959240117
4 4.655502050321821 -0.6523149232295093
5 -4.886562613984556 2.0892851607730174
6 -0.4853690690682522 0.6377235522402716
7 3.8713794191313764 -1.2716032721186767
8 1.0230872042882397 1.3123642633510761
9 -0.31569041091051275 -2.219225986765494
0 3.256143154080883 3.8522123455970614
1 -2.342570120623236 4.435410829558013
2 4.274566613762688 1.0140047426267718
3 -3.599416875976511 4.898113053149769
4 4.6595035618887835 -0.6460917720634415
5 -4.899657624724445 2.089383973929375
6 -0.49097866997392736 0.6412247871766019
7 3.852743181093312 -1.2821915330484288
8 1.0205100059665584 1.3043538831297585
9 -0.31806085500724773 -2.211036509678893
0 3.272787646788551 3.843268623713481
1 -2.360052569829895 4.415509423202575
2 4.269312087040268 1.0105084150887615
3 -3.6166154024068735 4.889473147059422
4 4.663505073455746 -0.6398686208973736
5 -4.912752635464334 2.089482787085733
6 -0.4965882708796025 0.6447260221129323
7 3.834106943055248 -1.2927797939781809
8 1.017932807644877 1.296343502908441
9 -0.3204312991039827 -2.2028470325922918
0 3.2894321394962187 3.8343249018299006
1 -2.3775350190365536 4.395608016847138
2 4.264057560317847 1.0070120875507513
3 -3.633813928837236 4.880833240969075
4 4.667506585022709 -0.6336454697313058
5 -4.925847646204223 2.0895816002420906
6 -0.5021978717852776 0.6482272570492627
7 3.8154707050171837 -1.303368054907933
8 1.0153556093231957 1.2883331226871233
9 -0.3228017432007177 -2.1946575555056906
0 3.3060766322038866 3.82538117994632
1 -2.3950174682432124 4.375706610491701
2 4.258803033595427 1.0035157600127411
3 -3.6510124552675984 4.872193334878728
4 4.671508096589672 -0.6274223185652379
5 -4.9389426569441115 2.0896804133984483
6 -0.5078074726909528 0.651728491985593
7 3.7968344669791194 -1.313956315837685
8 1.0127784110015143 1.2803227424658057
9 -0.3251721872974527 -2.1864680784190895
0 3.3227211249115545 3.81643745806274
1 -2.412499917449871 4.355805204136264
2 4.253548506873007 1.000019432474731
3 -3.668210981697961 4.86355342878838
4 4.675509608156634 -0.62119916739917
5 -4.952037667684 2.089779226554806
6 -0.513417073596628 0.6552297269219234
7 3.778198228941055 -1.324544576767437
8 1.010201212679833 1.272312362244488
9 -0.32754263139418766 -2.1782786013324884
0 3.3393656176192223 3.8074937361791594
1 -2.42998236665653 4.335903797780826
2 4.248293980150587 0.9965231049367207
3 -3.6854095081283234 4.854913522698033
4 4.679511119723597 -0.6149760162331022
5 -4.965132678423889 2.089878039711164
6 -0.5190266745023032 0.6587309618582537
7 3.759561990902991 -1.3351328376971892
8 1.0076240143581516 1.2643019820231705
9 -0.32991307549092264 -2.1700891242458873
0 3.3560101103268902 3.798550014295579
1 -2.4474648158631886 4.316002391425389
2 4.243039453428167 0.9930267773987105
3 -3.702608034558686 4.846273616607686
4 4.68351263129056 -0.6087528650670343
5 -4.978227689163778 2.0899768528675216
6 -0.5246362754079784 0.6622321967945841
7 3.7409257528649267 -1.3457210986269412
8 1.0050468160364703 1.2562916018018528
9 -0.3322835195876576 -2.161899647159286
0 3.372654603034558 3.7896062924119986
1 -2.4649472650698474 4.296100985069952
2 4.237784926705746 0.9895304498607003
3 -3.7198065609890483 4.837633710517339
4 4.687514142857522 -0.6025297139009664
5 -4.991322699903667 2.0900756660238793
6 -0.5302458763136536 0.6657334317309145
7 3.7222895148268624 -1.3563093595566933
8 1.002469617714789 1.2482812215805352
9 -0.3346539636843926 -2.153710170072685
0 3.389299095742226 3.7806625705284183
1 -2.482429714276506 4.276199578714515
2 4.232530399983326 0.98603412232269
3 -3.7370050874194107 4.828993804426991
4 4.691515654424485 -0.5963065627348986
5 -4.995582289356444 2.090174479180237
6 -0.5358554772193288 0.6692346666672448
7 3.703653276788798 -1.3668976204864454
8 0.9998924193931077 1.2402708413592176
9 -0.3370244077811276 -2.145520692986084
0 3.405943588449894 3.771718848644838
1 -2.499912163483165 4.256298172359077
2 4.227275873260906 0.9825377947846798
3 -3.754203613849773 4.820353898336644
4 4.695517165991448 -0.5900834115688307
5 -4.9824872786165555 2.0902732923365948
6 -0.541465078125004 0.6727359016035752
7 3.685017038750734 -1.3774858814161974
8 0.9973152210714264 1.2322604611379
9 -0.33939485187786256 -2.137331215899483
0 3.4225880811575617 3.7627751267612575
1 -2.5173946126898237 4.23639676600364
2 4.222021346538486 0.9790414672466696
3 -3.7714021402801357 4.811713992246297
4 4.699518677558411 -0.5838602604027628
5 -4.969392267876667 2.0903721054929525
6 -0.5470746790306792 0.6762371365399056
7 3.6663808007126697 -1.3880741423459495
8 0.9947380227497452 1.2242500809165824
9 -0.34176529597459754 -2.1291417388128817
0 3.4392325738652296 3.753831404877677
1 -2.5348770618964824 4.216495359648203
2 4.2167668198160655 0.9755451397086594
3 -3.788600666710498 4.8030740861559496
4 4.703520189125373 -0.577637109236695
5 -4.956297257136778 2.0904709186493102
6 -0.5526842799363544 0.679738371476236
7 3.6477445626746055 -1.3986624032757016
8 0.992160824428064 1.2162397006952648
9 -0.3441357400713325 -2.1209522617262806
0 3.4558770665728975 3.7448876829940967
1 -2.552359511103141 4.196593953292766
2 4.211512293093645 0.9720488121706492
3 -3.8057991931408606 4.794434180065602
4 4.707521700692336 -0.5714139580706271
5 -4.943202246396889 2.090569731805668
6 -0.5582938808420296 0.6832396064125663
7 3.629108324636541 -1.4092506642054536
8 0.9895836261063827 1.2082293204739472
9 -0.3465061841680675 -2.1127627846396795
0 3.4725215592805654 3.7359439611105163
1 -2.5698419603098 4.176692546937328
2 4.206257766371225 0.968552484632639
3 -3.822997719571223 4.785794273975255
4 4.711523212259299 -0.5651908069045593
5 -4.930107235657 2.0906685449620257
6 -0.5639034817477048 0.6867408413488967
7 3.610472086598477 -1.4198389251352057
8 0.9870064277847015 1.2002189402526295
9 -0.3488766282648025 -2.1045733075530784
0 3.4891660519882333 3.727000239226936
1 -2.5873244095164587 4.156791140581891
2 4.201003239648805 0.9650561570946288
3 -3.8401962460015855 4.777154367884908
4 4.715524723826261 -0.5589676557384914
5 -4.917012224917111 2.0907673581183834
6 -0.56951308265338 0.690242076285227
7 3.5918358485604127 -1.4304271860649578
8 0.9844292294630203 1.192208560031312
9 -0.35124707236153746 -2.0963838304664772
0 3.505810544695901 3.7180565173433555
1 -2.6048068587231175 4.136889734226454
2 4.195748712926385 0.9615598295566186
3 -3.857394772431948 4.7685144617945605
4 4.719526235393224 -0.5527445045724235
5 -4.9039172141772225 2.090866171274741
6 -0.5751226835590552 0.6937433112215574
7 3.5731996105223485 -1.4410154469947098
8 0.981852031141339 1.1841981798099943
9 -0.35361751645827244 -2.088194353379876
0 3.522455037403569 3.709112795459775
1 -2.622289307929776 4.116988327871017
2 4.190494186203964 0.9580635020186083
3 -3.8745932988623104 4.759874555704213
4 4.723527746960187 -0.5465213534063557
5 -4.890822203437334 2.090964984431099
6 -0.5807322844647304 0.6972445461578878
7 3.5545633724842842 -1.451603707924462
8 0.9792748328196578 1.1761877995886767
9 -0.3559879605550074 -2.080004876293275
0 3.539099530111237 3.7001690735761947
1 -2.639771757136435 4.097086921515579
2 4.185239659481544 0.9545671744805981
3 -3.891791825292673 4.751234649613866
4 4.72752925852715 -0.5402982022402878
5 -4.877727192697445 2.0910637975874566
6 -0.5863418853704055 0.7007457810942181
7 3.53592713444622 -1.462191968854214
8 0.9766976344979765 1.168177419367359
9 -0.3583584046517424 -2.071815399206674
0 3.555744022818905 3.6912253516926143
1 -2.6572542063430937 4.077185515160142
2 4.179985132759124 0.9510708469425879
3 -3.9089903517230353 4.742594743523519
4 4.731530770094112 -0.5340750510742199
5 -4.864632181957556 2.0911626107438144
6 -0.5919514862760807 0.7042470160305485
7 3.5172908964081557 -1.472780229783966
8 0.9741204361762953 1.1601670391460415
9 -0.3607288487484774 -2.063625922120073
0 3.5723885155265727 3.682281629809034
1 -2.6747366555497525 4.057284108804705
2 4.174730606036704 0.9475745194045777
3 -3.926188878153398 4.7339548374331715
4 4.735532281661075 -0.5278518999081521
5 -4.851537171217667 2.091261423900172
6 -0.5975610871817559 0.7077482509668789
7 3.4986546583700915 -1.4833684907137181
8 0.971543237854614 1.1521566589247239
9 -0.36309929284521236 -2.0554364450334717
0 3.5890330082342405 3.6733379079254536
1 -2.6922191047564112 4.037382702449268
2 4.1694760793142835 0.9440781918665675
3 -3.9433874045837602 4.725314931342824
4 4.739533793228038 -0.5216287487420842
5 -4.838442160477778 2.09136023705653
6 -0.6031706880874311 0.7112494859032092
7 3.4800184203320272 -1.4939567516434702
8 0.9689660395329328 1.1441462787034062
9 -0.36546973694194734 -2.0472469679468706
0 3.6056775009419084 3.664394186041873
1 -2.70970155396307 4.01748129609383
2 4.164221552591863 0.9405818643285573
3 -3.9605859310141227 4.716675025252477
4 4.743535304795 -0.5154055975760163
5 -4.8253471497378895 2.0914590502128876
6 -0.6087802889931063 0.7147507208395396
7 3.461382182293963 -1.5045450125732223
8 0.9663888412112516 1.1361358984820886
9 -0.3678401810386823 -2.0390574908602694
0 3.6223219936495763 3.655450464158293
1 -2.7271840031697288 3.997579889738393
2 4.158967025869443 0.9370855367905471
3 -3.977784457444485 4.70803511916213
4 4.747536816361963 -0.5091824464099485
5 -4.812252138998001 2.0915578633692453
6 -0.6143898898987815 0.71825195577587
7 3.4427459442558987 -1.5151332735029743
8 0.9638116428895703 1.128125518260771
9 -0.3702106251354173 -2.0308680137736683
0 3.638966486357244 3.6465067422747124
1 -2.7446664523763875 3.977678483382956
2 4.153712499147023 0.9335892092525369
3 -3.9949829838748476 4.699395213071782
4 4.751538327928926 -0.5029592952438806
5 -4.799157128258112 2.091656676525603
6 -0.6199994908044567 0.7217531907122003
7 3.4241097062178345 -1.5257215344327264
8 0.9612344445678891 1.1201151380394534
9 -0.3725810692321523 -2.022678536687067
0 3.655610979064912 3.637563020391132
1 -2.7621489015830463 3.9577770770275187
2 4.148457972424603 0.9300928817145266
3 -4.01218151030521 4.690755306981435
4 4.7555398394958885 -0.4967361440778127
5 -4.786062117518223 2.091755489681961
6 -0.6256090917101319 0.7252544256485307
7 3.4054734681797703 -1.5363097953624785
8 0.9586572462462079 1.1121047578181358
9 -0.37495151332888726 -2.014489059600466
0 3.67225547177258 3.6286192985075516
1 -2.779631350789705 3.9378756706720814
2 4.1432034457021825 0.9265965541765164
3 -4.029380036735572 4.682115400891088
4 4.759541351062851 -0.49051299291174477
5 -4.772967106778334 2.0918543028383185
6 -0.6312186926158071 0.7287556605848611
7 3.386837230141706 -1.5468980562922305
8 0.9560800479245266 1.1040943775968182
9 -0.37732195742562225 -2.006299582513865
0 3.688899964480248 3.619675576623971
1 -2.797113799996364 3.917974264316644
2 4.137948918979762 0.9231002266385062
3 -4.046578563165934 4.673475494800741
4 4.763542862629814 -0.48428984174567685
5 -4.759872096038445 2.0919531159946763
6 -0.6368282935214823 0.7322568955211914
7 3.3682009921036418 -1.5574863172219826
8 0.9535028496028454 1.0960839973755006
9 -0.3796924015223572 -1.9981101054272639
0 3.7055444571879157 3.610731854740391
1 -2.8145962492030225 3.898072857961207
2 4.132694392257342 0.919603899100496
3 -4.063777089596296 4.664835588710393
4 4.767544374196777 -0.47806669057960893
5 -4.7467770852985565 2.092051929151034
6 -0.6424378944271575 0.7357581304575218
7 3.3495647540655775 -1.5680745781517347
8 0.9509256512811641 1.088073617154183
9 -0.3820628456190922 -1.9899206283406627
0 3.7221889498955836 3.6017881328568104
1 -2.8320786984096813 3.8781714516057697
2 4.127439865534922 0.9161075715624858
3 -4.080975616026658 4.656195682620046
4 4.771545885763739 -0.471843539413541
5 -4.733682074558668 2.0921507423073917
6 -0.6480474953328327 0.7392593653938522
7 3.3309285160275133 -1.5786628390814867
8 0.9483484529594829 1.0800632369328653
9 -0.3844332897158272 -1.9817311512540616
0 3.7388334426032515 3.59284441097323
1 -2.84956114761634 3.8582700452503325
2 4.122185338812502 0.9126112440244756
3 -4.09817414245702 4.647555776529699
4 4.775547397330702 -0.4656203882474731
5 -4.720587063818779 2.0922495554637495
6 -0.6536570962385079 0.7427606003301825
7 3.312292277989449 -1.5892511000112388
8 0.9457712546378017 1.0720528567115477
9 -0.38680373381256217 -1.9735416741674605
